999 0 0 0 0 1.32e+06 0 0 1.32e+06 1.32e+06 3.84e+06 0 0 3.84e+06 3.84e+06 1.2e+06 0 1.2e+06 1.2e+06 10 0 0 10 0 120000 0 120000 0.0019
999 0 0 0 0 1.32e+06 0 0 1.32e+06 1.32e+06 3.84e+06 0 0 3.84e+06 3.84e+06 1.2e+06 0 1.2e+06 1.2e+06 10 0 0 10 0 120000 0 120000 0.0019
999 0 0 0 0 1.32e+06 0 0 1.32e+06 1.32e+06 3.84e+06 0 0 3.84e+06 3.84e+06 1.2e+06 0 1.2e+06 1.2e+06 10 0 0 10 0 120000 0 120000 0.0019
999 0 0 0 0 1.32e+06 0 0 1.32e+06 1.32e+06 3.84e+06 0 0 3.84e+06 3.84e+06 1.2e+06 0 1.2e+06 1.2e+06 10 0 0 10 0 120000 0 120000 0.0019
999 210 646 86 0 1.31394e+06 6058 6058 1.32e+06 1.32e+06 3.8355e+06 4504.34 4504.34 3.84e+06 3.84e+06 1.19998e+06 18.7338 1.19998e+06 1.2e+06 6.97217 3.02783 3.02783 10 0 119354 646 120000 0.00194675
999 210 646 86 0 1.31394e+06 6058 6058 1.32e+06 1.32e+06 3.8355e+06 4504.34 4504.34 3.84e+06 3.84e+06 1.19998e+06 18.7338 1.19998e+06 1.2e+06 6.97217 3.02783 3.02783 10 0 119354 646 120000 0.00194675
999 210 646 86 0 1.31394e+06 6058 6058 1.32e+06 1.32e+06 3.8355e+06 4504.34 4504.34 3.84e+06 3.84e+06 1.19998e+06 18.7338 1.19998e+06 1.2e+06 6.97217 3.02783 3.02783 10 0 119354 646 120000 0.00194675
999 210 646 86 0 1.31394e+06 6058 6058 1.32e+06 1.32e+06 3.8355e+06 4504.34 4504.34 3.84e+06 3.84e+06 1.19998e+06 18.7338 1.19998e+06 1.2e+06 6.97217 3.02783 3.02783 10 0 119354 646 120000 0.00194675
999 210 646 86 0 1.31394e+06 6058 6058 1.32e+06 1.32e+06 3.8355e+06 4504.34 4504.34 3.84e+06 3.84e+06 1.19998e+06 18.7338 1.19998e+06 1.2e+06 6.97217 3.02783 3.02783 10 0 119354 646 120000 0.00194675
999 210 646 86 0 1.31394e+06 6058 6058 1.32e+06 1.32e+06 3.8355e+06 4504.34 4504.34 3.84e+06 3.84e+06 1.19998e+06 18.7338 1.19998e+06 1.2e+06 6.97217 3.02783 3.02783 10 0 119354 646 120000 0.00194675
