999 0 0 0 0 440000 0 0 440000 440000 1.28e+06 0 0 1.28e+06 1.28e+06 400000 0 400000 400000 10 0 0 10 0 40000 0 40000 0.0003
999 0 0 0 0 440000 0 0 440000 440000 1.28e+06 0 0 1.28e+06 1.28e+06 400000 0 400000 400000 10 0 0 10 0 40000 0 40000 0.0003
999 0 0 0 0 440000 0 0 440000 440000 1.28e+06 0 0 1.28e+06 1.28e+06 400000 0 400000 400000 10 0 0 10 0 40000 0 40000 0.0003
999 0 0 0 0 440000 0 0 440000 440000 1.28e+06 0 0 1.28e+06 1.28e+06 400000 0 400000 400000 10 0 0 10 0 40000 0 40000 0.0003
999 359 1131 545 0 432530 7470 7470 440000 440000 1.2727e+06 7303.1 7303.1 1.28e+06 1.28e+06 399927 73.031 399927 400000 6.96801 3.03199 3.03199 10 0 38869 1131 40000 0.000295947
999 359 1131 545 0 432530 7470 7470 440000 440000 1.2727e+06 7303.1 7303.1 1.28e+06 1.28e+06 399927 73.031 399927 400000 6.96801 3.03199 3.03199 10 0 38869 1131 40000 0.000295947
999 359 1131 545 0 432530 7470 7470 440000 440000 1.2727e+06 7303.1 7303.1 1.28e+06 1.28e+06 399927 73.031 399927 400000 6.96801 3.03199 3.03199 10 0 38869 1131 40000 0.000295947
999 359 1131 545 0 432530 7470 7470 440000 440000 1.2727e+06 7303.1 7303.1 1.28e+06 1.28e+06 399927 73.031 399927 400000 6.96801 3.03199 3.03199 10 0 38869 1131 40000 0.000295947
999 359 1131 545 0 432530 7470 7470 440000 440000 1.2727e+06 7303.1 7303.1 1.28e+06 1.28e+06 399927 73.031 399927 400000 6.96801 3.03199 3.03199 10 0 38869 1131 40000 0.000295947
999 359 1131 545 0 432530 7470 7470 440000 440000 1.2727e+06 7303.1 7303.1 1.28e+06 1.28e+06 399927 73.031 399927 400000 6.96801 3.03199 3.03199 10 0 38869 1131 40000 0.000295947
