999 0 0 0 0 1.32e+06 0 0 1.32e+06 1.32e+06 3.84e+06 0 0 3.84e+06 3.84e+06 1.2e+06 0 1.2e+06 1.2e+06 10 0 0 10 0 120000 0 120000 0.0019
999 0 0 0 0 1.32e+06 0 0 1.32e+06 1.32e+06 3.84e+06 0 0 3.84e+06 3.84e+06 1.2e+06 0 1.2e+06 1.2e+06 10 0 0 10 0 120000 0 120000 0.0019
999 0 0 0 0 1.32e+06 0 0 1.32e+06 1.32e+06 3.84e+06 0 0 3.84e+06 3.84e+06 1.2e+06 0 1.2e+06 1.2e+06 10 0 0 10 0 120000 0 120000 0.0019
999 0 0 0 0 1.32e+06 0 0 1.32e+06 1.32e+06 3.84e+06 0 0 3.84e+06 3.84e+06 1.2e+06 0 1.2e+06 1.2e+06 10 0 0 10 0 120000 0 120000 0.0019
999 211 653 82 0 1.31439e+06 5614 5614 1.32e+06 1.32e+06 3.83554e+06 4461.14 4461.14 3.84e+06 3.84e+06 1.19998e+06 19.5497 1.19998e+06 1.2e+06 6.96801 3.03199 3.03199 10 0 119347 653 120000 0.00194637
999 211 653 82 0 1.31439e+06 5614 5614 1.32e+06 1.32e+06 3.83554e+06 4461.14 4461.14 3.84e+06 3.84e+06 1.19998e+06 19.5497 1.19998e+06 1.2e+06 6.96801 3.03199 3.03199 10 0 119347 653 120000 0.00194637
999 211 653 82 0 1.31439e+06 5614 5614 1.32e+06 1.32e+06 3.83554e+06 4461.14 4461.14 3.84e+06 3.84e+06 1.19998e+06 19.5497 1.19998e+06 1.2e+06 6.96801 3.03199 3.03199 10 0 119347 653 120000 0.00194637
999 211 653 82 0 1.31439e+06 5614 5614 1.32e+06 1.32e+06 3.83554e+06 4461.14 4461.14 3.84e+06 3.84e+06 1.19998e+06 19.5497 1.19998e+06 1.2e+06 6.96801 3.03199 3.03199 10 0 119347 653 120000 0.00194637
999 211 653 82 0 1.31439e+06 5614 5614 1.32e+06 1.32e+06 3.83554e+06 4461.14 4461.14 3.84e+06 3.84e+06 1.19998e+06 19.5497 1.19998e+06 1.2e+06 6.96801 3.03199 3.03199 10 0 119347 653 120000 0.00194637
999 211 653 82 0 1.31439e+06 5614 5614 1.32e+06 1.32e+06 3.83554e+06 4461.14 4461.14 3.84e+06 3.84e+06 1.19998e+06 19.5497 1.19998e+06 1.2e+06 6.96801 3.03199 3.03199 10 0 119347 653 120000 0.00194637
999 211 653 82 0 1.31439e+06 5614 5614 1.32e+06 1.32e+06 3.83554e+06 4461.14 4461.14 3.84e+06 3.84e+06 1.19998e+06 19.5497 1.19998e+06 1.2e+06 6.96801 3.03199 3.03199 10 0 119347 653 120000 0.00194637
999 211 653 82 0 1.31439e+06 5614 5614 1.32e+06 1.32e+06 3.83554e+06 4461.14 4461.14 3.84e+06 3.84e+06 1.19998e+06 19.5497 1.19998e+06 1.2e+06 6.96801 3.03199 3.03199 10 0 119347 653 120000 0.00194637
999 211 653 82 0 1.31439e+06 5614 5614 1.32e+06 1.32e+06 3.83554e+06 4461.14 4461.14 3.84e+06 3.84e+06 1.19998e+06 19.5497 1.19998e+06 1.2e+06 6.96801 3.03199 3.03199 10 0 119347 653 120000 0.00194637
