999 0 0 0 0 2.2e+06 0 0 2.2e+06 2.2e+06 6.4e+06 0 0 6.4e+06 6.4e+06 2e+06 0 2e+06 2e+06 10 0 0 10 0 0 0 0 0.000388889
999 0 0 0 0 2.2e+06 0 0 2.2e+06 2.2e+06 6.4e+06 0 0 6.4e+06 6.4e+06 2e+06 0 2e+06 2e+06 10 0 0 10 0 0 0 0 0.000388889
999 0 0 0 0 2.2e+06 0 0 2.2e+06 2.2e+06 6.4e+06 0 0 6.4e+06 6.4e+06 2e+06 0 2e+06 2e+06 10 0 0 10 0 0 0 0 0.000388889
999 0 0 0 0 2.2e+06 0 0 2.2e+06 2.2e+06 6.4e+06 0 0 6.4e+06 6.4e+06 2e+06 0 2e+06 2e+06 10 0 0 10 0 0 0 0 0.000388889
999 0 0 0 0 2.2e+06 0 0 2.2e+06 2.2e+06 6.4e+06 0 0 6.4e+06 6.4e+06 2e+06 0 2e+06 2e+06 6.97217 3.02783 3.02783 10 0 0 0 0 0.000388889
999 0 0 0 0 2.2e+06 0 0 2.2e+06 2.2e+06 6.4e+06 0 0 6.4e+06 6.4e+06 2e+06 0 2e+06 2e+06 6.97217 3.02783 3.02783 10 0 0 0 0 0.000388889
999 0 0 0 0 2.2e+06 0 0 2.2e+06 2.2e+06 6.4e+06 0 0 6.4e+06 6.4e+06 2e+06 0 2e+06 2e+06 6.97217 3.02783 3.02783 10 0 0 0 0 0.000388889
999 0 0 0 0 2.2e+06 0 0 2.2e+06 2.2e+06 6.4e+06 0 0 6.4e+06 6.4e+06 2e+06 0 2e+06 2e+06 6.97217 3.02783 3.02783 10 0 0 0 0 0.000388889
999 0 0 0 0 2.2e+06 0 0 2.2e+06 2.2e+06 6.4e+06 0 0 6.4e+06 6.4e+06 2e+06 0 2e+06 2e+06 6.97217 3.02783 3.02783 10 0 0 0 0 0.000388889
999 0 0 0 0 2.2e+06 0 0 2.2e+06 2.2e+06 6.4e+06 0 0 6.4e+06 6.4e+06 2e+06 0 2e+06 2e+06 6.97217 3.02783 3.02783 10 0 0 0 0 0.000388889
999 0 0 0 0 2.2e+06 0 0 2.2e+06 2.2e+06 6.4e+06 0 0 6.4e+06 6.4e+06 2e+06 0 2e+06 2e+06 6.97217 3.02783 3.02783 10 0 0 0 0 0.000388889
999 0 0 0 0 2.2e+06 0 0 2.2e+06 2.2e+06 6.4e+06 0 0 6.4e+06 6.4e+06 2e+06 0 2e+06 2e+06 6.97217 3.02783 3.02783 10 0 0 0 0 0.000388889
999 0 0 0 0 2.2e+06 0 0 2.2e+06 2.2e+06 6.4e+06 0 0 6.4e+06 6.4e+06 2e+06 0 2e+06 2e+06 6.97217 3.02783 3.02783 10 0 0 0 0 0.000388889
