999 0 0 0 0 440000 0 0 440000 440000 1.28e+06 0 0 1.28e+06 1.28e+06 400000 0 400000 400000 10 0 0 10 0 40000 0 40000 0.0003
999 0 0 0 0 440000 0 0 440000 440000 1.28e+06 0 0 1.28e+06 1.28e+06 400000 0 400000 400000 10 0 0 10 0 40000 0 40000 0.0003
999 0 0 0 0 440000 0 0 440000 440000 1.28e+06 0 0 1.28e+06 1.28e+06 400000 0 400000 400000 10 0 0 10 0 40000 0 40000 0.0003
999 0 0 0 0 440000 0 0 440000 440000 1.28e+06 0 0 1.28e+06 1.28e+06 400000 0 400000 400000 10 0 0 10 0 40000 0 40000 0.0003
999 371 1171 531 0 432033 7967 7967 440000 440000 1.27224e+06 7757.08 7757.08 1.28e+06 1.28e+06 399922 77.5708 399922 400000 6.97217 3.02783 3.02783 10 0 38829 1171 40000 0.000295862
999 371 1171 531 0 432033 7967 7967 440000 440000 1.27224e+06 7757.08 7757.08 1.28e+06 1.28e+06 399922 77.5708 399922 400000 6.97217 3.02783 3.02783 10 0 38829 1171 40000 0.000295862
999 371 1171 531 0 432033 7967 7967 440000 440000 1.27224e+06 7757.08 7757.08 1.28e+06 1.28e+06 399922 77.5708 399922 400000 6.97217 3.02783 3.02783 10 0 38829 1171 40000 0.000295862
999 371 1171 531 0 432033 7967 7967 440000 440000 1.27224e+06 7757.08 7757.08 1.28e+06 1.28e+06 399922 77.5708 399922 400000 6.97217 3.02783 3.02783 10 0 38829 1171 40000 0.000295862
999 371 1171 531 0 432033 7967 7967 440000 440000 1.27224e+06 7757.08 7757.08 1.28e+06 1.28e+06 399922 77.5708 399922 400000 6.97217 3.02783 3.02783 10 0 38829 1171 40000 0.000295862
999 371 1171 531 0 432033 7967 7967 440000 440000 1.27224e+06 7757.08 7757.08 1.28e+06 1.28e+06 399922 77.5708 399922 400000 6.97217 3.02783 3.02783 10 0 38829 1171 40000 0.000295862
999 371 1171 531 0 432033 7967 7967 440000 440000 1.27224e+06 7757.08 7757.08 1.28e+06 1.28e+06 399922 77.5708 399922 400000 6.97217 3.02783 3.02783 10 0 38829 1171 40000 0.000295862
999 371 1171 531 0 432033 7967 7967 440000 440000 1.27224e+06 7757.08 7757.08 1.28e+06 1.28e+06 399922 77.5708 399922 400000 6.97217 3.02783 3.02783 10 0 38829 1171 40000 0.000295862
999 371 1171 531 0 432033 7967 7967 440000 440000 1.27224e+06 7757.08 7757.08 1.28e+06 1.28e+06 399922 77.5708 399922 400000 6.97217 3.02783 3.02783 10 0 38829 1171 40000 0.000295862
