999 0 0 0 0 880000 0 0 880000 880000 2.56e+06 0 0 2.56e+06 2.56e+06 800000 0 800000 800000 10 0 0 10 0 80000 0 80000 0.0006
999 0 0 0 0 880000 0 0 880000 880000 2.56e+06 0 0 2.56e+06 2.56e+06 800000 0 800000 800000 10 0 0 10 0 80000 0 80000 0.0006
999 0 0 0 0 880000 0 0 880000 880000 2.56e+06 0 0 2.56e+06 2.56e+06 800000 0 800000 800000 10 0 0 10 0 80000 0 80000 0.0006
999 0 0 0 0 880000 0 0 880000 880000 2.56e+06 0 0 2.56e+06 2.56e+06 800000 0 800000 800000 10 0 0 10 0 80000 0 80000 0.0006
999 3904 13295 5361 0 771660 108340 108340 880000 880000 2.47456e+06 85440.3 85440.3 2.56e+06 2.56e+06 799628 372.082 799628 800000 13.2502 16.7498 16.7498 30 0 66705 13295 80000 0.00314607
999 3904 13295 5361 0 771660 108340 108340 880000 880000 2.47456e+06 85440.3 85440.3 2.56e+06 2.56e+06 799628 372.082 799628 800000 13.2502 16.7498 16.7498 30 0 66705 13295 80000 0.00314607
999 3904 13295 5361 0 771660 108340 108340 880000 880000 2.47456e+06 85440.3 85440.3 2.56e+06 2.56e+06 799628 372.082 799628 800000 13.2502 16.7498 16.7498 30 0 66705 13295 80000 0.00314607
999 3904 13295 5361 0 771660 108340 108340 880000 880000 2.47456e+06 85440.3 85440.3 2.56e+06 2.56e+06 799628 372.082 799628 800000 13.2502 16.7498 16.7498 30 0 66705 13295 80000 0.00314607
999 3904 13295 5361 0 771660 108340 108340 880000 880000 2.47456e+06 85440.3 85440.3 2.56e+06 2.56e+06 799628 372.082 799628 800000 13.2502 16.7498 16.7498 30 0 66705 13295 80000 0.00314607
999 3904 13295 5361 0 771660 108340 108340 880000 880000 2.47456e+06 85440.3 85440.3 2.56e+06 2.56e+06 799628 372.082 799628 800000 13.2502 16.7498 16.7498 30 0 66705 13295 80000 0.00314607
