999 0 0 0 0 880000 0 0 880000 880000 2.56e+06 0 0 2.56e+06 2.56e+06 800000 0 800000 800000 10 0 0 10 0 80000 0 80000 0.0006
999 0 0 0 0 880000 0 0 880000 880000 2.56e+06 0 0 2.56e+06 2.56e+06 800000 0 800000 800000 10 0 0 10 0 80000 0 80000 0.0006
999 0 0 0 0 880000 0 0 880000 880000 2.56e+06 0 0 2.56e+06 2.56e+06 800000 0 800000 800000 10 0 0 10 0 80000 0 80000 0.0006
999 0 0 0 0 880000 0 0 880000 880000 2.56e+06 0 0 2.56e+06 2.56e+06 800000 0 800000 800000 10 0 0 10 0 80000 0 80000 0.0006
999 935 2986 518 0 855385 24615 24615 880000 880000 2.53956e+06 20438.4 20438.4 2.56e+06 2.56e+06 799908 92.2717 799908 800000 6.97217 3.02783 3.02783 10 0 77014 2986 80000 0.000840886
999 935 2986 518 0 855385 24615 24615 880000 880000 2.53956e+06 20438.4 20438.4 2.56e+06 2.56e+06 799908 92.2717 799908 800000 6.97217 3.02783 3.02783 10 0 77014 2986 80000 0.000840886
999 935 2986 518 0 855385 24615 24615 880000 880000 2.53956e+06 20438.4 20438.4 2.56e+06 2.56e+06 799908 92.2717 799908 800000 6.97217 3.02783 3.02783 10 0 77014 2986 80000 0.000840886
999 935 2986 518 0 855385 24615 24615 880000 880000 2.53956e+06 20438.4 20438.4 2.56e+06 2.56e+06 799908 92.2717 799908 800000 6.97217 3.02783 3.02783 10 0 77014 2986 80000 0.000840886
999 935 2986 518 0 855385 24615 24615 880000 880000 2.53956e+06 20438.4 20438.4 2.56e+06 2.56e+06 799908 92.2717 799908 800000 6.97217 3.02783 3.02783 10 0 77014 2986 80000 0.000840886
999 935 2986 518 0 855385 24615 24615 880000 880000 2.53956e+06 20438.4 20438.4 2.56e+06 2.56e+06 799908 92.2717 799908 800000 6.97217 3.02783 3.02783 10 0 77014 2986 80000 0.000840886
999 935 2986 518 0 855385 24615 24615 880000 880000 2.53956e+06 20438.4 20438.4 2.56e+06 2.56e+06 799908 92.2717 799908 800000 6.97217 3.02783 3.02783 10 0 77014 2986 80000 0.000840886
999 935 2986 518 0 855385 24615 24615 880000 880000 2.53956e+06 20438.4 20438.4 2.56e+06 2.56e+06 799908 92.2717 799908 800000 6.97217 3.02783 3.02783 10 0 77014 2986 80000 0.000840886
999 935 2986 518 0 855385 24615 24615 880000 880000 2.53956e+06 20438.4 20438.4 2.56e+06 2.56e+06 799908 92.2717 799908 800000 6.97217 3.02783 3.02783 10 0 77014 2986 80000 0.000840886
