999 0 0 0 0 880000 0 0 880000 880000 2.56e+06 0 0 2.56e+06 2.56e+06 800000 0 800000 800000 10 0 0 10 0 80000 0 80000 0.0006
999 0 0 0 0 880000 0 0 880000 880000 2.56e+06 0 0 2.56e+06 2.56e+06 800000 0 800000 800000 10 0 0 10 0 80000 0 80000 0.0006
999 0 0 0 0 880000 0 0 880000 880000 2.56e+06 0 0 2.56e+06 2.56e+06 800000 0 800000 800000 10 0 0 10 0 80000 0 80000 0.0006
999 0 0 0 0 880000 0 0 880000 880000 2.56e+06 0 0 2.56e+06 2.56e+06 800000 0 800000 800000 10 0 0 10 0 80000 0 80000 0.0006
999 923 2945 491 0 855252 24748 24748 880000 880000 2.53988e+06 20115.7 20115.7 2.56e+06 2.56e+06 799911 89.4653 799911 800000 6.96801 3.03199 3.03199 10 0 77055 2945 80000 0.000836905
999 923 2945 491 0 855252 24748 24748 880000 880000 2.53988e+06 20115.7 20115.7 2.56e+06 2.56e+06 799911 89.4653 799911 800000 6.96801 3.03199 3.03199 10 0 77055 2945 80000 0.000836905
999 923 2945 491 0 855252 24748 24748 880000 880000 2.53988e+06 20115.7 20115.7 2.56e+06 2.56e+06 799911 89.4653 799911 800000 6.96801 3.03199 3.03199 10 0 77055 2945 80000 0.000836905
999 923 2945 491 0 855252 24748 24748 880000 880000 2.53988e+06 20115.7 20115.7 2.56e+06 2.56e+06 799911 89.4653 799911 800000 6.96801 3.03199 3.03199 10 0 77055 2945 80000 0.000836905
999 923 2945 491 0 855252 24748 24748 880000 880000 2.53988e+06 20115.7 20115.7 2.56e+06 2.56e+06 799911 89.4653 799911 800000 6.96801 3.03199 3.03199 10 0 77055 2945 80000 0.000836905
999 923 2945 491 0 855252 24748 24748 880000 880000 2.53988e+06 20115.7 20115.7 2.56e+06 2.56e+06 799911 89.4653 799911 800000 6.96801 3.03199 3.03199 10 0 77055 2945 80000 0.000836905
