999 0 0 0 0 2.2e+06 0 0 2.2e+06 2.2e+06 6.4e+06 0 0 6.4e+06 6.4e+06 2e+06 0 2e+06 2e+06 10 0 0 10 0 0 0 0 0.000388889
999 0 0 0 0 2.2e+06 0 0 2.2e+06 2.2e+06 6.4e+06 0 0 6.4e+06 6.4e+06 2e+06 0 2e+06 2e+06 10 0 0 10 0 0 0 0 0.000388889
999 0 0 0 0 2.2e+06 0 0 2.2e+06 2.2e+06 6.4e+06 0 0 6.4e+06 6.4e+06 2e+06 0 2e+06 2e+06 10 0 0 10 0 0 0 0 0.000388889
999 0 0 0 0 2.2e+06 0 0 2.2e+06 2.2e+06 6.4e+06 0 0 6.4e+06 6.4e+06 2e+06 0 2e+06 2e+06 10 0 0 10 0 0 0 0 0.000388889
999 0 0 0 0 2.2e+06 0 0 2.2e+06 2.2e+06 6.4e+06 0 0 6.4e+06 6.4e+06 2e+06 0 2e+06 2e+06 13.2502 16.7498 16.7498 30 0 0 0 0 0.000388889
999 0 0 0 0 2.2e+06 0 0 2.2e+06 2.2e+06 6.4e+06 0 0 6.4e+06 6.4e+06 2e+06 0 2e+06 2e+06 13.2502 16.7498 16.7498 30 0 0 0 0 0.000388889
999 0 0 0 0 2.2e+06 0 0 2.2e+06 2.2e+06 6.4e+06 0 0 6.4e+06 6.4e+06 2e+06 0 2e+06 2e+06 13.2502 16.7498 16.7498 30 0 0 0 0 0.000388889
999 0 0 0 0 2.2e+06 0 0 2.2e+06 2.2e+06 6.4e+06 0 0 6.4e+06 6.4e+06 2e+06 0 2e+06 2e+06 13.2502 16.7498 16.7498 30 0 0 0 0 0.000388889
999 0 0 0 0 2.2e+06 0 0 2.2e+06 2.2e+06 6.4e+06 0 0 6.4e+06 6.4e+06 2e+06 0 2e+06 2e+06 13.2502 16.7498 16.7498 30 0 0 0 0 0.000388889
999 0 0 0 0 2.2e+06 0 0 2.2e+06 2.2e+06 6.4e+06 0 0 6.4e+06 6.4e+06 2e+06 0 2e+06 2e+06 13.2502 16.7498 16.7498 30 0 0 0 0 0.000388889
